58.53 137084.64,5400
68777.87 109668.56,3600,900
120577.66 92968.81,3000
165744.4 90012.13,0
135975.62 129702.76,2400
125152.09 134673.1,2400
95308.28 124134.52,0
122259.05 79112.85,900
135516.9 79492.73,600
138421.01 75651.25,3000
165744.4 90012.13,0
67223.7 60126.98,2400
96181.89 36537.65,3600,900
138421.01 75651.25,3000
165744.4 90012.13,0
67223.7 60126.98,3500
96181.89 36537.65,0
67223.7 60126.98,2000
116777.2 67767.63,2000
121607.49 78316.92,1800,700
138421.01 75651.25,2000
165744.4 90012.13,0
68540.65 167.57,2700
96181.89 36537.65,4500,900
121607.49 78316.92,600,900
120577.66 92968.81,6300
58.53 137084.64,0
68540.65 167.57,2700
96181.89 36537.65,5400,300
138421.01 75651.25,2400
165744.4 90012.13,0
165744.4 90012.13,1800
148895.65 110118.07,1800
135975.62 129702.76,0
165744.4 90012.13,1500
138421.01 75651.25,3000
121607.49 78316.92,900,600
122259.05 79112.85,900
120577.66 92968.81,2400
95308.28 124134.52,0
68777.87 109668.56,3600
49399.77 92658.78,2700,300
56251.17 77559.58,2700
67223.7 60126.98,3600,600
68540.65 167.57,0
95308.28 124134.52,2200
120577.66 92968.81,2200
165744.4 90012.13,0
95308.28 124134.52,0
125152.09 134673.1,2400
135975.62 129702.76,2400
148895.65 110118.07,1800
165744.4 90012.13,1800
95308.28 124134.52,1800
88066.66 122369.36,1800
68777.87 109668.56,0
